0087100814|01| 3066501|V8||144020|LF||X|0000512419|JET AVIATION (ASIA PACIFIC) PTE LTD| 1|20140213|160042|20140213|170604|20140213|170614|20140213|170614|20140213|170946|20140213|171158|20140213|171212|20140213|175125|20140213|175212|00000000|000000|00000000|000000||00000000|||20191214|042210|LBG1
0087124916|02| 3046960|V8||274020|ZLFN|||0000507421|SAFRAN ELECTRICAL AND POWER| 1|20140227|054235|00000000|000000|00000000|000000|00000000|000000|00000000|000000|00000000|000000|00000000|000000|00000000|000000|00000000|000000|00000000|000000|00000000|000000||00000000|||20191214|042210|LBG3
0087131931|01| 3038362|V1||104020|LF|||0009004988|INFLITE THE JET CENTRE LTD| 1|20140305|050032|00000000|000000|00000000|000000|00000000|000000|00000000|000000|00000000|000000|00000000|000000|00000000|000000|00000000|000000|00000000|000000|00000000|000000||00000000|||20191214|042210|LBG3
0087231012|02| 2957528|V1||254020|ZLFN|||0000507577|HONEYWELL WICHITA SERVICE CENTER| 1|20140430|081421|00000000|000000|00000000|000000|00000000|000000|00000000|000000|00000000|000000|00000000|000000|00000000|000000|00000000|000000|00000000|000000|00000000|000000||00000000|||20191214|042210|LBG3
0087231467|02| 2957339|V1||254020|ZLFN|||0000519264|MUIRHEAD AVIONICS| 1|20140430|112313|00000000|000000|00000000|000000|00000000|000000|00000000|000000|00000000|000000|00000000|000000|00000000|000000|00000000|000000|00000000|000000|00000000|000000||00000000|||20191214|042210|LBG3
0087267398|01| 2927240|V8||224020|LF||X|0009003341|RUAG AEROSPACE SERVICES GMBH| 4|20140521|090144|20140521|090618|20140521|090625|20140521|090625|20140521|093411|20140521|094227|20140521|094327|20140521|100858|20140522|090732|00000000|000000|00000000|000000||00000000|||20191214|042210|LBG1
0087306216|02| 2897269|V1||064020|ZLFN|||0000507491|PARKER HANNIFIN GMBH & CO.KG| 1|20140611|043320|00000000|000000|00000000|000000|00000000|000000|00000000|000000|00000000|000000|00000000|000000|00000000|000000|00000000|000000|00000000|000000|00000000|000000||00000000|||20191214|042210|LBG3
0087346892|02| 2865418|V1||194020|ZLFN|||0000507826|HAMILTON SUNDSTRAND| 1|20140703|072423|00000000|000000|00000000|000000|00000000|000000|00000000|000000|00000000|000000|00000000|000000|00000000|000000|00000000|000000|00000000|000000|00000000|000000||00000000|||20191214|042210|LBG3
0087346893|02| 2865417|V1||194020|ZLFN|||0000507826|HAMILTON SUNDSTRAND| 1|20140703|072443|00000000|000000|00000000|000000|00000000|000000|00000000|000000|00000000|000000|00000000|000000|00000000|000000|00000000|000000|00000000|000000|00000000|000000||00000000|||20191214|042210|LBG3
0087416477|02| 2813310|V1||064020|ZLFN|||0000402001|HONEYWELL INTERNATIONAL SARL| 1|20140808|115230|00000000|000000|00000000|000000|00000000|000000|00000000|000000|00000000|000000|00000000|000000|00000000|000000|00000000|000000|00000000|000000|00000000|000000||00000000|||20191214|042210|LBG3
0087457520|01| 2783062|V8||294020|LF|||0000507017|NAYAK AIRCRAFT SERVICE GMBH & CO KG| 1|20140829|120027|20140829|142438|20140829|142447|20140829|142447|20140829|142645|20140830|030723|20140830|030816|00000000|000000|00000000|000000|00000000|000000|00000000|000000||00000000|||20191214|042210|LBG1
0087505149|02| 2746167|V8||234020|ZLFN|||0000402001|HONEYWELL INTERNATIONAL SARL| 1|20140924|025530|00000000|000000|00000000|000000|00000000|000000|00000000|000000|00000000|000000|00000000|000000|00000000|000000|00000000|000000|00000000|000000|00000000|000000||00000000|||20191214|042210|LBG3
0087534232|02| 2724378|V8||084120|ZLFN|||0000507620|EATON AEROSPACE LLC| 1|20141009|060410|00000000|000000|00000000|000000|00000000|000000|00000000|000000|00000000|000000|00000000|000000|00000000|000000|00000000|000000|00000000|000000|00000000|000000||00000000|||20191214|042210|LBG2
0087555805|00| 2705697|V1||164020|ZLFN|||0000508232|REVIMA APU SAS| 1|20141022|052503|00000000|000000|00000000|000000|00000000|000000|00000000|000000|00000000|000000|00000000|000000|00000000|000000|00000000|000000|00000000|000000|00000000|000000||00000000|||20191214|042210|LBG3
0087598141|01| 2669719|V8||174120|LF||X|0009006824|AOG LOGISTICS| 1|20141116|050251|20141116|084325|20141116|084336|20141116|084336|20141116|084510|20141116|090337|20141116|090511|00000000|000000|00000000|000000|00000000|000000|00000000|000000||00000000|||20191214|042210|LBG3
0087606252|02| 2664208|V8||204120|LF|||0009002626|FLYBE AVIATION SERVICES| 1|20141120|005356|00000000|000000|00000000|000000|00000000|000000|00000000|000000|00000000|000000|00000000|000000|00000000|000000|00000000|000000|00000000|000000|00000000|000000||00000000|||20191214|042210|LBG3
0087611508|02| 2658181|V1||214120|ZLFN|||0000507491|PARKER HANNIFIN GMBH & CO.KG| 1|20141124|052139|00000000|000000|00000000|000000|00000000|000000|00000000|000000|00000000|000000|00000000|000000|00000000|000000|00000000|000000|00000000|000000|00000000|000000||00000000|||20191214|042210|LBG3
0087619071|02| 2653613|V1||194120|ZLFN|||0000507491|PARKER HANNIFIN GMBH & CO.KG| 1|20141127|092920|00000000|000000|00000000|000000|00000000|000000|00000000|000000|00000000|000000|00000000|000000|00000000|000000|00000000|000000|00000000|000000|00000000|000000||00000000|||20191214|042210|LBG3
0087647999|01| 2628852|V8||144120|LF|||0009002367|ROYAL JORDANIAN AIRLINES| 1|20141214|141026|20141214|154716|20141214|154727|20141214|154727|20141214|154810|00000000|000000|00000000|000000|20141214|160825|20141214|160959|00000000|000000|00000000|000000||00000000|||20191214|042210|LBG3
0087663770|01| 2612663|V8||055020|LF|||0009002447|EGYPTAIR MAINTENANCE AND ENGINEERI| 1|20141225|195843|20141225|201450|20141225|201742|20141225|201742|20141225|202747|00000000|000000|00000000|000000|00000000|000000|00000000|000000|00000000|000000|00000000|000000||00000000|||20191214|042210|LBG3
0087687449|01| 2583021|V8||155020|LF||X|0000528384|ALPHASTAR AVIATION SERVICES| 1|20150115|100125|20150115|103830|20150115|103844|20150115|103844|20150115|104306|20150115|111321|20150115|111342|20150115|115600|20150115|115623|00000000|000000|00000000|000000||00000000|||20191214|042210|LBG1
0087775336|01| 2513740|V8||045020|LF||X|0009000258|EMBRAER AVIATION INTERNATIONAL| 1|20150304|124142|20150304|124221|20150304|124229|20150304|124229|20150304|124306|20150304|124857|20150304|124912|20150304|125520|20150304|125717|00000000|000000|00000000|000000||00000000|||20191214|042210|LBG1
0087778160|02| 2512212|V1||074020|ZTPE|||0000519998|TRESCAL SA| 1|20150305|141018|00000000|000000|00000000|000000|00000000|000000|00000000|000000|00000000|000000|00000000|000000|00000000|000000|00000000|000000|00000000|000000|00000000|000000||00000000|||20191214|042210|LBG3
0087805028|01| 2491014|V8||065020|LF|||0009002447|EGYPTAIR MAINTENANCE AND ENGINEERI| 1|20150320|072749|00000000|000000|00000000|000000|00000000|000000|00000000|000000|00000000|000000|00000000|000000|00000000|000000|00000000|000000|00000000|000000|00000000|000000||00000000|||20191214|042210|LBG3
0087805104|01| 2490921|V8||205020|LF|||0000518505|BRAZILIAN AERONAUTICAL COMMISSION| 1|20150320|090040|20150320|114447|20150320|114508|20150320|114508|20150320|114919|00000000|000000|00000000|000000|20150320|120523|20150320|120550|00000000|000000|00000000|000000||00000000|||20191214|042210|LBG3
0087806560|01| 2487802|V9||225020|LF|||0000505897|ABS JETS A.S.| 1|20150322|125955|00000000|000000|00000000|000000|00000000|000000|00000000|000000|00000000|000000|00000000|000000|00000000|000000|00000000|000000|20190411|141541|00000000|000000||00000000|||20191214|042210|LBG1
0087812131|02| 2483899|V1||165020|ZTPE|||0009002367|ROYAL JORDANIAN AIRLINES| 1|20150325|060245|00000000|000000|00000000|000000|00000000|000000|00000000|000000|00000000|000000|00000000|000000|00000000|000000|00000000|000000|00000000|000000|00000000|000000||00000000|||20191214|042210|LBG3
0087812526|02| 2483833|V8||245020|ZLFN|||0000341862|OGMA IND. AERONAUTICA DE| 1|20150325|070902|00000000|000000|00000000|000000|00000000|000000|00000000|000000|00000000|000000|00000000|000000|00000000|000000|00000000|000000|00000000|000000|00000000|000000||00000000|||20191214|042210|LBG2
0087836434|02| 2463703|V1||074020|ZTPE|||0000519998|TRESCAL SA| 1|20150408|063903|00000000|000000|00000000|000000|00000000|000000|00000000|000000|00000000|000000|00000000|000000|00000000|000000|00000000|000000|00000000|000000|00000000|000000||00000000|||20191214|042210|LBG3
0087844339|02| 2456757|V8||105020|ZLFN|||0000507593|ROSEMOUNT AEROSPACE INC.| 1|20150413|022455|00000000|000000|00000000|000000|00000000|000000|00000000|000000|00000000|000000|00000000|000000|00000000|000000|00000000|000000|00000000|000000|00000000|000000||00000000|||20191214|042210|LBG3
0087858751|01| 2446162|V8||205020|LF|||0009000263|OGMA-INDUSTRIA AERONAUTICA DE| 1|20150420|110036|20150420|113258|20150420|113315|20150420|113315|20150420|113430|00000000|000000|00000000|000000|00000000|000000|00000000|000000|00000000|000000|00000000|000000||00000000|||20191214|042210|LBG3
0087863278|02| 2442540|V8||225020|LF|||0000527355|BORAJET HAVACILIK TASIMACILIK UCAK| 1|20150422|232202|00000000|000000|00000000|000000|00000000|000000|00000000|000000|00000000|000000|00000000|000000|00000000|000000|00000000|000000|00000000|000000|00000000|000000||00000000|||20191214|042210|LBG3
0087876352|02| 2433074|V8||295020|ZLFN|||0000507821|E.M.S| 1|20150429|130834|00000000|000000|00000000|000000|00000000|000000|00000000|000000|00000000|000000|00000000|000000|00000000|000000|00000000|000000|00000000|000000|00000000|000000||00000000|||20191214|042210|LBG3
0087881569|01| 2427936|V1||035020|ZTPE|||0000515432|ARKIA ISRAELI AIRLINES LTD| 1|20150503|024634|00000000|000000|00000000|000000|00000000|000000|00000000|000000|00000000|000000|00000000|000000|00000000|000000|00000000|000000|00000000|000000|00000000|000000||00000000|||20191214|042210|LBG3
0087889099|01| 2422717|V8||065020|LF|||0000520156|NATIONAL AIRWAYS CORPORATION (PTY)| 1|20150506|174516|20150506|181244|20150506|181330|20150506|181330|20150506|181426|00000000|000000|00000000|000000|00000000|000000|00000000|000000|00000000|000000|00000000|000000||00000000|||20191214|042210|LBG3
0087916429|02| 2403164|V8||205020|ZLFN|||0000508036|TRIUMPH ACCESSORY SERVICES| 1|20150520|073820|00000000|000000|00000000|000000|00000000|000000|00000000|000000|00000000|000000|00000000|000000|00000000|000000|00000000|000000|00000000|000000|00000000|000000||00000000|||20191214|042210|LBG3
0087927624|02| 2394534|V8||155020|ZLFN|||0000425096|HS AEROSPACE DIJON SAS| 1|20150526|072747|00000000|000000|00000000|000000|00000000|000000|00000000|000000|00000000|000000|00000000|000000|00000000|000000|00000000|000000|00000000|000000|00000000|000000||00000000|||20191214|042210|LBG3
0087930574|02| 2393058|V1||295020|ZTPE|||0009003660|BA CITYFLYER ENGINEERING| 1|20150527|080344|00000000|000000|00000000|000000|00000000|000000|00000000|000000|00000000|000000|00000000|000000|00000000|000000|00000000|000000|00000000|000000|00000000|000000||00000000|||20191214|042210|LBG3
0087943468|02| 2383974|V8||025020|LF|||0009003660|BA CITYFLYER ENGINEERING| 1|20150602|152748|00000000|000000|00000000|000000|00000000|000000|00000000|000000|00000000|000000|00000000|000000|00000000|000000|00000000|000000|00000000|000000|00000000|000000||00000000|||20191214|042210|LBG3
0087947479|02| 2381366|V8||045020|LF|||0009003660|BA CITYFLYER ENGINEERING| 1|20150604|105624|00000000|000000|00000000|000000|00000000|000000|00000000|000000|00000000|000000|00000000|000000|00000000|000000|00000000|000000|00000000|000000|00000000|000000||00000000|||20191214|042210|LBG3
0087951489|02| 2375610|V8||085020|LF|||0009002447|EGYPTAIR MAINTENANCE AND ENGINEERI| 1|20150608|105203|00000000|000000|00000000|000000|00000000|000000|00000000|000000|00000000|000000|00000000|000000|00000000|000000|00000000|000000|00000000|000000|00000000|000000||00000000|||20191214|042210|LBG3
0087962252|02| 2370269|V1||115020|ZLFN|||0000274164|LIEBHERR AEROSPACE LINDENBERG GMBH| 1|20150612|035322|00000000|000000|00000000|000000|00000000|000000|00000000|000000|00000000|000000|00000000|000000|00000000|000000|00000000|000000|00000000|000000|00000000|000000||00000000|||20191214|042210|LBG3
0087962792|02| 2370009|V9||125020|ZLFN|||0000507641|HONEYWELL| 1|20150612|081337|00000000|000000|00000000|000000|00000000|000000|00000000|000000|00000000|000000|00000000|000000|00000000|000000|00000000|000000|20190502|140336|00000000|000000||00000000|||20191214|042210|LBG3
0087969442|02| 2364226|V8||165020|LF|||0000515432|ARKIA ISRAELI AIRLINES LTD| 1|20150616|083608|00000000|000000|00000000|000000|00000000|000000|00000000|000000|00000000|000000|00000000|000000|00000000|000000|00000000|000000|00000000|000000|00000000|000000||00000000|||20191214|042210|LBG3
0087969621|02| 2364116|V8||165020|LF|||0009003660|BA CITYFLYER ENGINEERING| 1|20150616|102552|00000000|000000|00000000|000000|00000000|000000|00000000|000000|00000000|000000|00000000|000000|00000000|000000|00000000|000000|00000000|000000|00000000|000000||00000000|||20191214|042210|LBG3
0087974717|02| 2361406|V8||185020|LF|||0009002367|ROYAL JORDANIAN AIRLINES| 1|20150618|073543|00000000|000000|00000000|000000|00000000|000000|00000000|000000|00000000|000000|00000000|000000|00000000|000000|00000000|000000|00000000|000000|00000000|000000||00000000|||20191214|042210|LBG3
0088005500|02| 2341027|V8||025020|LF|||0009003660|BA CITYFLYER ENGINEERING| 1|20150702|111528|00000000|000000|00000000|000000|00000000|000000|00000000|000000|00000000|000000|00000000|000000|00000000|000000|00000000|000000|00000000|000000|00000000|000000||00000000|||20191214|042210|LBG3
0088010318|02| 2336706|V8||055020|LF|||0009003660|BA CITYFLYER ENGINEERING| 1|20150705|111634|00000000|000000|00000000|000000|00000000|000000|00000000|000000|00000000|000000|00000000|000000|00000000|000000|00000000|000000|00000000|000000|00000000|000000||00000000|||20191214|042210|LBG3
0088010336|02| 2336588|V8||055020|LF|||0009002250|FLYBE AVIATION SERVICES| 1|20150705|131439|00000000|000000|00000000|000000|00000000|000000|00000000|000000|00000000|000000|00000000|000000|00000000|000000|00000000|000000|00000000|000000|00000000|000000||00000000|||20191214|042210|LBG3
0088010384|02| 2336484|V8||055020|LF|||0009002250|FLYBE AVIATION SERVICES| 1|20150705|145829|00000000|000000|00000000|000000|00000000|000000|00000000|000000|00000000|000000|00000000|000000|00000000|000000|00000000|000000|00000000|000000|00000000|000000||00000000|||20191214|042210|LBG3
0088018154|02| 2332188|V8||085020|LF|||0009003660|BA CITYFLYER ENGINEERING| 1|20150708|143355|00000000|000000|00000000|000000|00000000|000000|00000000|000000|00000000|000000|00000000|000000|00000000|000000|00000000|000000|00000000|000000|00000000|000000||00000000|||20191214|042210|LBG3
0088018220|02| 2332146|V8||085020|LF|||0009003660|BA CITYFLYER ENGINEERING| 1|20150708|151625|00000000|000000|00000000|000000|00000000|000000|00000000|000000|00000000|000000|00000000|000000|00000000|000000|00000000|000000|00000000|000000|00000000|000000||00000000|||20191214|042210|LBG3
0088019264|02| 2331314|V1||035020|ZLFN|||0000116358|COBHAM MISSION SYSTEMS DAVENPORT| 1|20150709|050751|00000000|000000|00000000|000000|00000000|000000|00000000|000000|00000000|000000|00000000|000000|00000000|000000|00000000|000000|00000000|000000|00000000|000000||00000000|||20191214|042210|LBG2
0088025403|02| 2325009|V8||135020|LF|||0009006856|BORAJET| 1|20150713|141307|00000000|000000|00000000|000000|00000000|000000|00000000|000000|00000000|000000|00000000|000000|00000000|000000|00000000|000000|00000000|000000|00000000|000000||00000000|||20191214|042210|LBG3
0088025410|02| 2324970|V8||135020|LF|||0000527355|BORAJET HAVACILIK TASIMACILIK UCAK| 1|20150713|145239|00000000|000000|00000000|000000|00000000|000000|00000000|000000|00000000|000000|00000000|000000|00000000|000000|00000000|000000|00000000|000000|00000000|000000||00000000|||20191214|042210|LBG3
0088066502|01| 2300611|V8||305020|LF|||0009000228|LUXAIR SA| 1|20150730|125118|20150730|125907|20150730|125916|20150730|125916|20150730|125958|00000000|000000|00000000|000000|20150730|131812|20150730|131838|00000000|000000|00000000|000000||00000000|||20191214|042210|LBG3
0088066547|02| 2300591|V8||305020|LF|||0009000228|LUXAIR SA| 1|20150730|131051|00000000|000000|00000000|000000|00000000|000000|00000000|000000|00000000|000000|00000000|000000|00000000|000000|00000000|000000|00000000|000000|00000000|000000||00000000|||20191214|042210|LBG3
0088125315|01| 2263387|V8||255020|LF|||0009000228|LUXAIR SA| 1|20150825|091524|20150825|091914|20150825|091923|20150825|091923|20150825|092023|20150825|092059|00000000|000000|20150825|092324|20150825|092359|00000000|000000|00000000|000000||00000000|||20191214|042210|LBG3
0088146598|02| 2252417|V1||065020|ZTPE|||0000500345|AIR BURKINA S. A| 1|20150902|000538|00000000|000000|00000000|000000|00000000|000000|00000000|000000|00000000|000000|00000000|000000|00000000|000000|00000000|000000|00000000|000000|00000000|000000||00000000|||20191214|042210|LBG3
0088157484|02| 2245216|V1||115020|ZTPE|||0000500345|AIR BURKINA S. A| 1|20150907|000606|00000000|000000|00000000|000000|00000000|000000|00000000|000000|00000000|000000|00000000|000000|00000000|000000|00000000|000000|00000000|000000|00000000|000000||00000000|||20191214|042210|LBG3
0088198191|03| 2224197|V8||235120|LF|||0009002020|SAUDI ARABIAN AIRLINES| 1|20150921|142537|20150921|145957|20150921|150006|20150921|150006|20150921|150124|00000000|000000|00000000|000000|20150921|154024|20150921|154123|00000000|000000|00000000|000000||00000000|||20191214|042210|LBG3
0088242486|02| 2208500|V8||025120|LF||X|0009000044|LOT - CBT| 1|20151002|120234|20151002|120843|20151002|120856|20151002|120856|20151002|121809|20151002|123548|20151002|123708|20151002|124218|20151002|124234|00000000|000000|00000000|000000||00000000|||20191214|042210|LBG3
0088269476|02| 2194123|V8||125120|LF|||0009006856|BORAJET| 1|20151012|113924|00000000|000000|00000000|000000|00000000|000000|00000000|000000|00000000|000000|00000000|000000|00000000|000000|00000000|000000|00000000|000000|00000000|000000||00000000|||20191214|042210|LBG3
0088269942|02| 2193922|V8||125120|LF|||0009002250|FLYBE AVIATION SERVICES| 1|20151012|150019|00000000|000000|00000000|000000|00000000|000000|00000000|000000|00000000|000000|00000000|000000|00000000|000000|00000000|000000|00000000|000000|00000000|000000||00000000|||20191214|042210|LBG3
0088270104|02| 2193892|V8||125120|LF|||0009003660|BA CITYFLYER ENGINEERING| 1|20151012|152945|00000000|000000|00000000|000000|00000000|000000|00000000|000000|00000000|000000|00000000|000000|00000000|000000|00000000|000000|00000000|000000|00000000|000000||00000000|||20191214|042210|LBG3
0088278882|02| 2190036|V8||155120|LF|||0009003660|BA CITYFLYER ENGINEERING| 1|20151015|074634|00000000|000000|00000000|000000|00000000|000000|00000000|000000|00000000|000000|00000000|000000|00000000|000000|00000000|000000|00000000|000000|00000000|000000||00000000|||20191214|042210|LBG3
0088329819|02| 2169506|V8||295120|LF|||0009003660|BA CITYFLYER ENGINEERING| 1|20151029|135550|00000000|000000|00000000|000000|00000000|000000|00000000|000000|00000000|000000|00000000|000000|00000000|000000|00000000|000000|00000000|000000|00000000|000000||00000000|||20191214|042210|LBG3
0088343030|02| 2162731|V8||035120|LF|||0009003660|BA CITYFLYER ENGINEERING| 1|20151103|065106|00000000|000000|00000000|000000|00000000|000000|00000000|000000|00000000|000000|00000000|000000|00000000|000000|00000000|000000|00000000|000000|00000000|000000||00000000|||20191214|042210|LBG3
0088343550|02| 2162616|V8||035120|LF|||0009002250|FLYBE AVIATION SERVICES| 1|20151103|084543|00000000|000000|00000000|000000|00000000|000000|00000000|000000|00000000|000000|00000000|000000|00000000|000000|00000000|000000|00000000|000000|00000000|000000||00000000|||20191214|042210|LBG3
0088354105|02| 2159479|V8||055120|LF|||0000518505|BRAZILIAN AERONAUTICAL COMMISSION| 1|20151105|130307|20151105|132837|20151105|132846|20151105|132846|20151105|133953|00000000|000000|00000000|000000|20151105|134857|20151105|134926|00000000|000000|00000000|000000||00000000|||20191214|042210|LBG3
0088365644|03| 2153500|V8||095120|LF|||0009005169|AFRICA WORLD AIRLINES LIMITED| 1|20151109|164146|20151109|165441|20151109|165450|20151109|165450|20151109|165553|20151109|165600|00000000|000000|20151109|165727|20151109|165813|00000000|000000|00000000|000000||00000000|||20191214|042210|LBG2
0088420757|01| 2132529|V8||245120|LF|||0009000044|LOT - CBT| 1|20151124|061313|00000000|000000|00000000|000000|00000000|000000|00000000|000000|00000000|000000|00000000|000000|00000000|000000|00000000|000000|00000000|000000|00000000|000000||00000000|||20191214|042210|LBG3
0088458711|02| 2117820|V8||045120|LF|||0000500345|AIR BURKINA S. A| 1|20151204|112141|00000000|000000|00000000|000000|00000000|000000|00000000|000000|00000000|000000|00000000|000000|00000000|000000|00000000|000000|00000000|000000|00000000|000000||00000000|||20191214|042210|LBG3
0088469430|01| 2112142|V8||085120|LF||X|0009001858|INDIAN AIR FORCE| 1|20151208|100006|20151208|101849|20151208|101854|20151208|101854|20151208|101921|20151208|103530|20151208|103544|20151208|104009|20151208|104024|00000000|000000|00000000|000000||00000000|||20191214|042210|LBG3
0088564322|01| 2064712|V1||155020|ZTPE|||0000517537|ANTAVIA VILLERON| 1|20160110|083037|00000000|000000|00000000|000000|00000000|000000|00000000|000000|00000000|000000|00000000|000000|00000000|000000|00000000|000000|00000000|000000|00000000|000000||00000000|||20191214|042210|LBG1
0088703624|02| 2006803|V8||145020|ZLFN|||0000513554|MEGGITT AIRCRAFT BRAKING SYSTEMS| 1|20160219|133903|00000000|000000|00000000|000000|00000000|000000|00000000|000000|00000000|000000|00000000|000000|00000000|000000|00000000|000000|00000000|000000|00000000|000000||00000000|||20191214|042210|LBG2
0088768877|00| 1979711|V8||096020|LF|||0009002367|ROYAL JORDANIAN AIRLINES| 1|20160309|091125|00000000|000000|00000000|000000|00000000|000000|00000000|000000|00000000|000000|00000000|000000|00000000|000000|00000000|000000|00000000|000000|00000000|000000||00000000|||20191214|042210|LBG3
0088861665|02| 1942385|V8||126120|LF|||0000402001|HONEYWELL INTERNATIONAL SARL| 1|20160404|071732|00000000|000000|00000000|000000|00000000|000000|00000000|000000|00000000|000000|00000000|000000|00000000|000000|00000000|000000|00000000|000000|00000000|000000||00000000|||20191214|042210|LBG3
0088874900|02| 1938083|V8||076020|ZLFN|||0000507821|E.M.S| 1|20160407|065938|00000000|000000|00000000|000000|00000000|000000|00000000|000000|00000000|000000|00000000|000000|00000000|000000|00000000|000000|00000000|000000|00000000|000000||00000000|||20191214|042210|LBG3
0088960529|03| 1902378|V8||096020|LF|||0000527786|JOINT STOCK COMPANY| 1|20160502|020433|20160502|021415|20160502|021420|20160502|021420|20160502|021625|00000000|000000|00000000|000000|20160502|022317|20160502|022400|00000000|000000|00000000|000000||00000000|||20191214|042210|LBG3
0089019411|01| 1880182|V8||176020|LF||X|0009004988|INFLITE THE JET CENTRE LTD| 1|20160517|120008|20160517|120056|20160517|120110|20160517|120110|20160517|120352|20160517|121243|20160517|121256|20160517|121756|20160517|121821|00000000|000000|00000000|000000||00000000|||20191214|042210|LBG1
